0	124	110.329866409
0	123	109.409809113
0	122	108.781576157
0	121	108.33978653
0	120	108.392477036
0	119	109.547615051
0	118	109.511137009
0	117	108.696460724
0	116	108.189821243
0	115	109.020709991
0	114	109.940767288
0	113	109.547615051
0	112	108.935594559
0	111	108.424901962
0	110	108.615398407
0	109	109.547615051
0	108	110.994577408
0	107	108.627557755
0	106	108.834266663
0	105	110.941886902
0	104	109.665155411
0	103	111.010789871
0	102	108.137130737
0	101	108.818054199
0	100	110.451459885
0	99	110.702753067
0	98	109.482765198
0	97	109.701633453
0	96	108.834266663
0	95	110.14342308
0	94	109.652996063
0	93	110.090732574
0	92	108.238458633
0	91	108.818054199
0	90	109.596252441
0	89	110.755443573
0	88	110.909461975
0	87	108.818054199
0	86	110.856771469
0	85	110.856771469
0	84	110.67032814
0	83	108.732938766
0	82	108.919382095
0	81	108.732938766
0	80	110.585212708
0	79	110.893249512
0	78	109.78269577
0	77	108.615398407
0	76	108.546495438
0	75	110.581159592
0	74	111.452579498
0	73	109.15851593
0	72	109.020709991
0	71	109.154462814
0	70	110.877037048
0	69	110.021829605
0	68	109.057188034
0	67	109.174728394
0	66	109.122037888
0	65	109.936714172
1	124	109.089612961
1	123	108.834266663
1	122	109.397649765
1	121	111.059427261
1	120	111.351251602
1	119	108.542442322
1	118	108.63161087
1	117	110.735177994
1	116	111.383676529
1	115	109.600305557
1	114	108.919382095
1	113	110.042095184
1	112	110.192060471
1	111	110.293388367
1	110	109.32469368
1	109	108.17360878
1	108	108.955860138
1	107	109.498977661
1	106	109.924554825
1	105	108.664035797
1	104	108.157396317
1	103	110.893249512
1	102	110.666275024
1	101	110.447406769
1	100	109.15851593
1	99	107.897996902
1	98	111.31477356
1	97	109.701633453
1	96	108.664035797
1	95	108.696460724
1	94	108.291149139
1	93	110.771656036
1	92	109.652996063
1	91	109.089612961
1	90	108.376264572
1	89	110.856771469
1	88	110.974311829
1	87	110.808134079
1	86	109.069347382
1	85	109.482765198
1	84	111.027002335
1	83	110.175848007
1	82	110.038042068
1	81	108.238458633
1	80	108.510017395
1	79	111.351251602
1	78	111.335039139
1	77	109.239578247
1	76	108.408689499
1	75	109.174728394
1	74	111.298561096
1	73	110.755443573
1	72	108.510017395
1	71	109.15851593
1	70	110.978364944
1	69	110.585212708
1	68	110.893249512
1	67	110.856771469
1	66	108.74915123
1	65	109.515190125
2	124	110.042095184
2	123	108.984231949
2	122	108.33978653
2	121	109.888076782
2	120	110.71896553
2	119	112.931966782
2	118	108.732938766
2	117	107.983112335
2	116	108.74915123
2	115	109.786748886
2	114	110.467672348
2	113	108.120918274
2	112	108.578920364
2	111	109.648942947
2	110	112.490177155
2	109	110.297441483
2	108	108.74915123
2	107	108.493804932
2	106	109.632730484
2	105	108.546495438
2	104	109.393596649
2	103	109.190940857
2	102	108.785629272
2	101	111.010789871
2	100	110.889196396
2	99	109.462499619
2	98	108.441114426
2	97	108.376264572
2	96	111.687660217
2	95	110.447406769
2	94	110.467672348
2	93	107.946634293
2	92	109.105825424
2	91	107.727766037
2	90	110.808134079
2	89	109.036922455
2	88	108.530282974
2	87	108.972072601
2	86	110.516309738
2	85	109.174728394
2	84	109.223365784
2	83	109.27605629
2	82	109.717845917
2	81	109.308481216
2	80	109.361171722
2	79	108.919382095
2	78	108.647823334
2	77	110.329866409
2	76	110.500097275
2	75	109.616518021
2	74	108.769416809
2	73	108.781576157
2	72	110.569000244
2	71	110.431194305
2	70	108.818054199
2	69	109.259843826
2	68	108.254671097
2	67	109.223365784
2	66	110.09478569
2	65	109.652996063
3	124	108.643770218
3	123	110.532522202
3	122	110.329866409
3	121	110.074520111
3	120	109.020709991
3	119	109.340906143
3	118	111.010789871
3	117	110.14342308
3	116	108.052015305
3	115	108.355998993
3	114	110.447406769
3	113	110.467672348
3	112	109.956979752
3	111	108.801841736
3	110	109.292268753
3	109	109.936714172
3	108	109.174728394
3	107	109.786748886
3	106	108.323574066
3	105	110.042095184
3	104	109.259843826
3	103	110.467672348
3	102	109.036922455
3	101	109.243631363
3	100	110.127210617
3	99	109.989404678
3	98	109.717845917
3	97	108.866691589
3	96	107.950687408
3	95	110.569000244
3	94	109.665155411
3	93	110.042095184
3	92	108.477592468
3	91	109.020709991
3	90	110.009670258
3	89	110.042095184
3	88	110.601425171
3	87	108.22224617
3	86	108.137130737
3	85	109.738111496
3	84	109.27605629
3	83	107.950687408
3	82	108.765363693
3	81	107.780456543
3	80	110.431194305
3	79	109.2274189
3	78	109.717845917
3	77	108.38842392
3	76	108.68024826
3	75	109.174728394
3	74	110.479831696
3	73	107.69534111
3	72	108.185768127
3	71	108.510017395
3	70	110.159635544
3	69	110.14342308
3	68	108.392477036
3	67	108.74915123
3	66	108.68024826
3	65	109.430074692
4	124	109.174728394
4	123	109.308481216
4	122	110.329866409
4	121	110.192060471
4	120	109.681367874
4	119	107.679128647
4	118	107.914209366
4	117	109.20715332
4	116	110.62169075
4	115	110.463619232
4	114	108.595132828
4	113	108.153343201
4	112	109.888076782
4	111	110.398769379
4	110	110.005617142
4	109	108.510017395
4	108	108.291149139
4	107	109.855651855
4	106	109.73405838
4	105	108.664035797
4	104	109.190940857
4	103	109.648942947
4	102	110.277175903
4	101	110.244750977
4	100	110.14342308
4	99	108.104705811
4	98	110.179901123
4	97	109.888076782
4	96	109.15851593
4	95	109.750270844
4	94	108.765363693
4	93	107.918262482
4	92	109.328746796
4	91	109.126091003
4	90	107.833147049
4	89	107.881784439
4	88	110.127210617
4	87	110.159635544
4	86	109.122037888
4	85	108.74915123
4	84	108.935594559
4	83	108.834266663
4	82	110.159635544
4	81	110.516309738
4	80	108.22224617
4	79	108.088493347
4	78	109.648942947
4	77	109.377384186
4	76	109.413862228
4	75	107.914209366
4	74	108.935594559
4	73	110.054254532
4	72	109.328746796
4	71	109.600305557
4	70	108.968019485
4	69	109.089612961
4	68	110.329866409
4	67	109.956979752
4	66	109.940767288
4	65	108.765363693
5	124	109.802961349
5	123	109.73405838
5	122	109.20715332
5	121	108.441114426
5	120	107.849359512
5	119	113.625049591
5	118	109.681367874
5	117	109.616518021
5	116	108.22224617
5	115	107.662916183
5	114	109.73405838
5	113	109.105825424
5	112	108.408689499
5	111	108.818054199
5	110	108.70051384
5	109	109.430074692
5	108	110.548734665
5	107	108.441114426
5	106	108.323574066
5	105	110.228538513
5	104	109.27605629
5	103	110.552787781
5	102	108.424901962
5	101	108.850479126
5	100	110.500097275
5	99	110.431194305
5	98	110.346078873
5	97	109.138250351
5	96	108.068227768
5	95	110.005617142
5	94	110.552787781
5	93	110.196113586
5	92	109.053134918
5	91	108.765363693
5	90	109.174728394
5	89	109.361171722
5	88	109.190940857
5	87	108.477592468
5	86	108.882904053
5	85	109.15851593
5	84	110.362291336
5	83	108.68024826
5	82	110.313653946
5	81	108.716726303
5	80	109.190940857
5	79	110.378503799
5	78	108.408689499
5	77	107.902050018
5	76	108.70051384
5	75	109.835386276
5	74	110.483884811
5	73	108.392477036
5	72	108.019590378
5	71	110.042095184
5	70	109.377384186
5	69	108.781576157
5	68	108.765363693
5	67	109.243631363
5	66	108.935594559
5	65	110.467672348
6	124	108.732938766
6	123	109.053134918
6	122	110.569000244
6	121	109.122037888
6	120	109.6367836
6	119	108.424901962
6	118	108.27088356
6	117	110.500097275
6	116	110.686540604
6	115	109.154462814
6	114	108.254671097
6	113	109.20715332
6	112	110.516309738
6	111	110.962152481
6	110	110.71896553
6	109	108.27088356
6	108	108.781576157
6	107	109.105825424
6	106	110.500097275
6	105	109.344959259
6	104	108.664035797
6	103	109.190940857
6	102	109.600305557
6	101	110.483884811
6	100	108.850479126
6	99	107.881784439
6	98	109.174728394
6	97	110.840559006
6	96	110.925674438
6	95	108.882904053
6	94	108.33978653
6	93	108.870744705
6	92	109.717845917
6	91	109.616518021
6	90	108.664035797
6	89	109.888076782
6	88	109.122037888
6	87	109.531402588
6	86	109.580039978
6	85	108.254671097
6	84	108.116865158
6	83	109.802961349
6	82	109.956979752
6	81	110.990524292
6	80	108.578920364
6	79	108.307361603
6	78	109.717845917
6	77	110.414981842
6	76	108.445167542
6	75	108.254671097
6	74	108.899116516
6	73	110.516309738
6	72	110.564947128
6	71	108.355998993
6	70	109.126091003
6	69	109.292268753
6	68	110.074520111
6	67	110.633850098
6	66	107.81288147
6	65	108.206033707
7	124	111.047267914
7	123	110.686540604
7	122	110.431194305
7	121	108.22224617
7	120	108.461380005
7	119	108.951807022
7	118	110.447406769
7	117	108.035802841
7	116	108.972072601
7	115	108.834266663
7	114	109.547615051
7	113	109.855651855
7	112	108.22224617
7	111	111.639022827
7	110	111.128330231
7	109	110.192060471
7	108	109.802961349
7	107	108.801841736
7	106	108.323574066
7	105	110.856771469
7	104	109.409809113
7	103	108.951807022
7	102	108.185768127
7	101	108.27088356
7	100	109.511137009
7	99	110.990524292
7	98	108.291149139
7	97	108.355998993
7	96	107.606172562
7	95	109.750270844
7	94	109.665155411
7	93	109.20715332
7	92	108.493804932
7	91	109.223365784
7	90	110.414981842
7	89	112.25104332
7	88	108.185768127
7	87	109.531402588
7	86	108.834266663
7	85	110.552787781
7	84	109.681367874
7	83	108.291149139
7	82	109.681367874
7	81	110.516309738
7	80	110.536575317
7	79	109.600305557
7	78	108.254671097
7	77	109.292268753
7	76	110.637903214
7	75	110.877037048
7	74	111.027002335
7	73	108.206033707
7	72	108.68024826
7	71	110.414981842
7	70	110.994577408
7	69	111.027002335
7	68	108.781576157
7	67	108.664035797
7	66	111.112117767
7	65	110.414981842
8	124	108.153343201
8	123	109.802961349
8	122	109.344959259
8	121	111.282348633
8	120	109.68542099
8	119	108.63161087
8	118	108.307361603
8	117	109.27605629
8	116	111.144542694
8	115	108.238458633
8	114	108.201980591
8	113	108.886957169
8	112	109.478712082
8	111	109.462499619
8	110	109.377384186
8	109	108.696460724
8	108	110.398769379
8	107	110.617637634
8	106	110.7878685
8	105	108.696460724
8	104	108.664035797
8	103	109.681367874
8	102	110.824346542
8	101	111.468791962
8	100	109.652996063
8	99	108.355998993
8	98	109.717845917
8	97	109.580039978
8	96	108.185768127
8	95	108.732938766
8	94	109.717845917
8	93	110.058307648
8	92	109.563827515
8	91	109.223365784
8	90	108.834266663
8	89	108.445167542
8	88	110.281229019
8	87	109.632730484
8	86	110.414981842
8	85	109.089612961
8	84	109.190940857
8	83	110.106945038
8	82	110.889196396
8	81	108.882904053
8	80	108.424901962
8	79	109.32469368
8	78	111.383676529
8	77	110.893249512
8	76	108.696460724
8	75	108.22224617
8	74	109.956979752
8	73	110.889196396
8	72	110.840559006
8	71	108.647823334
8	70	108.441114426
8	69	109.855651855
8	68	111.351251602
8	67	108.716726303
8	66	108.355998993
8	65	108.578920364
9	124	111.298561096
9	123	110.877037048
9	122	108.79778862
9	121	108.74915123
9	120	109.632730484
9	119	111.448526382
9	118	109.940767288
9	117	108.903169632
9	116	109.243631363
9	115	110.127210617
9	114	110.208272934
9	113	111.128330231
9	112	109.446287155
9	111	109.223365784
9	110	111.095905304
9	109	108.238458633
9	108	109.223365784
9	107	109.20715332
9	106	110.414981842
9	105	111.160755157
9	104	111.181020737
9	103	108.461380005
9	102	108.801841736
9	101	109.73405838
9	100	111.894369125
9	99	110.038042068
9	98	109.190940857
9	97	110.840559006
9	96	110.14342308
9	95	109.973192215
9	94	108.834266663
9	93	109.069347382
9	92	110.990524292
9	91	111.416101456
9	90	109.600305557
9	89	109.243631363
9	88	108.323574066
9	87	109.669208527
9	86	110.463619232
9	85	110.994577408
9	84	109.600305557
9	83	108.765363693
9	82	109.596252441
9	81	110.14342308
9	80	111.740350723
9	79	108.258724213
9	78	108.153343201
9	77	111.282348633
9	76	110.601425171
9	75	109.632730484
9	74	108.785629272
9	73	108.664035797
9	72	110.909461975
9	71	110.021829605
9	70	109.122037888
9	69	108.611345291
9	68	108.882904053
9	67	109.956979752
9	66	109.989404678
9	65	108.343839645
10	124	109.27605629
10	123	110.974311829
10	122	110.090732574
10	121	109.531402588
10	120	108.79778862
10	119	109.361171722
10	118	111.351251602
10	117	110.804080963
10	116	108.919382095
10	115	107.881784439
10	114	109.616518021
10	113	110.414981842
10	112	111.266136169
10	111	108.68024826
10	110	109.190940857
10	109	111.31477356
10	108	111.006736755
10	107	111.878156662
10	106	108.765363693
10	105	110.500097275
10	104	110.974311829
10	103	110.179901123
10	102	110.532522202
10	101	109.531402588
10	100	109.2274189
10	99	109.717845917
10	98	109.669208527
10	97	109.462499619
10	96	108.137130737
10	95	108.765363693
10	94	111.756563187
10	93	110.090732574
10	92	109.138250351
10	91	108.428955078
10	90	108.765363693
10	89	110.090732574
10	88	111.501216888
10	87	108.33978653
10	86	108.68024826
10	85	109.717845917
10	84	111.318826675
10	83	111.399888992
10	82	108.578920364
10	81	108.137130737
10	80	111.262083054
10	79	110.175848007
10	78	109.973192215
10	77	109.211206436
10	76	108.307361603
10	75	111.298561096
10	74	111.671447754
10	73	110.009670258
10	72	109.25579071
10	71	110.005617142
10	70	110.123157501
10	69	111.399888992
10	68	109.409809113
10	67	108.850479126
10	66	109.596252441
10	65	111.266136169
11	124	108.376264572
11	123	109.122037888
11	122	109.652996063
11	121	111.282348633
11	120	109.823226929
11	119	109.20715332
11	118	109.786748886
11	117	109.648942947
11	116	111.164808273
11	115	111.213445663
11	114	109.142303467
11	113	109.531402588
11	112	109.973192215
11	111	112.060546875
11	110	109.259843826
11	109	108.79778862
11	108	107.881784439
11	107	110.637903214
11	106	111.298561096
11	105	109.2274189
11	104	108.206033707
11	103	108.355998993
11	102	110.483884811
11	101	109.940767288
11	100	108.27088356
11	99	109.308481216
11	98	111.027002335
11	97	110.62169075
11	96	111.095905304
11	95	109.223365784
11	94	108.376264572
11	93	110.382556915
11	92	110.074520111
11	91	110.808134079
11	90	109.122037888
11	89	108.201980591
11	88	111.318826675
11	87	111.095905304
11	86	109.413862228
11	85	108.120918274
11	84	110.755443573
11	83	111.298561096
11	82	111.095905304
11	81	108.765363693
11	80	108.79778862
11	79	109.632730484
11	78	111.164808273
11	77	109.73405838
11	76	109.648942947
11	75	108.781576157
11	74	109.190940857
11	73	110.500097275
11	72	111.399888992
11	71	109.27605629
11	70	110.090732574
11	69	112.080812454
11	68	110.078573227
11	67	110.958099365
11	66	108.834266663
11	65	111.416101456
12	124	110.30960083
12	123	111.112117767
12	122	108.137130737
12	121	108.307361603
12	120	110.820293427
12	119	110.005617142
12	118	109.478712082
12	117	108.781576157
12	116	108.392477036
12	115	109.855651855
12	114	110.074520111
12	113	108.274936676
12	112	109.308481216
12	111	109.563827515
12	110	109.515190125
12	109	109.652996063
12	108	109.089612961
12	107	108.818054199
12	106	109.750270844
12	105	110.893249512
12	104	109.462499619
12	103	108.562707901
12	102	109.478712082
12	101	109.531402588
12	100	109.56788063
12	99	110.26096344
12	98	109.190940857
12	97	109.20715332
12	96	109.766483307
12	95	111.282348633
12	94	109.701633453
12	93	109.105825424
12	92	108.919382095
12	91	113.985776901
12	90	111.403942108
12	89	108.546495438
12	88	108.291149139
12	87	110.771656036
12	86	110.872983932
12	85	110.14342308
12	84	108.376264572
12	83	108.088493347
12	82	110.62169075
12	81	109.871864319
12	80	110.196113586
12	79	108.814001083
12	78	108.408689499
12	77	110.414981842
12	76	111.027002335
12	75	111.266136169
12	74	108.137130737
12	73	108.27088356
12	72	110.751390457
12	71	110.686540604
12	70	108.392477036
12	69	109.040975571
12	68	108.461380005
12	67	110.601425171
12	66	109.616518021
12	65	110.329866409
13	124	109.377384186
13	123	110.840559006
13	122	110.159635544
13	121	108.818054199
13	120	108.74915123
13	119	109.223365784
13	118	108.74915123
13	117	110.771656036
13	116	108.769416809
13	115	108.70051384
13	114	109.855651855
13	113	109.515190125
13	112	110.791921616
13	111	109.190940857
13	110	109.004497528
13	109	109.105825424
13	108	110.921621323
13	107	110.941886902
13	106	108.765363693
13	105	110.7878685
13	104	110.893249512
13	103	111.229658127
13	102	110.994577408
13	101	108.63161087
13	100	108.201980591
13	99	113.06977272
13	98	109.701633453
13	97	111.282348633
13	96	109.024763107
13	95	110.775709152
13	94	110.139369965
13	93	111.063480377
13	92	110.516309738
13	91	108.834266663
13	90	109.15851593
13	89	110.791921616
13	88	110.921621323
13	87	108.79778862
13	86	109.770536423
13	85	111.335039139
13	84	111.043214798
13	83	108.445167542
13	82	108.74915123
13	81	110.702753067
13	80	111.302614212
13	79	110.974311829
13	78	108.100652695
13	77	109.68542099
13	76	108.323574066
13	75	110.313653946
13	74	111.383676529
13	73	108.647823334
13	72	109.308481216
13	71	108.814001083
13	70	111.176967621
13	69	110.005617142
13	68	109.956979752
13	67	108.258724213
13	66	109.68542099
13	65	110.431194305
14	124	108.716726303
14	123	109.462499619
14	122	114.054679871
14	121	111.24587059
14	120	110.058307648
14	119	109.036922455
14	118	108.988285065
14	117	111.298561096
14	116	111.67550087
14	115	111.399888992
14	114	109.56788063
14	113	109.036922455
14	112	110.005617142
14	111	109.871864319
14	110	110.451459885
14	109	108.664035797
14	108	109.68542099
14	107	110.974311829
14	106	110.042095184
14	105	109.494924545
14	104	109.855651855
14	103	109.665155411
14	102	111.586332321
14	101	110.467672348
14	100	108.104705811
14	99	108.732938766
14	98	110.329866409
14	97	111.213445663
14	96	109.920501709
14	95	108.696460724
14	94	108.643770218
14	93	109.296321869
14	92	109.989404678
14	91	109.126091003
14	90	108.785629272
14	89	109.122037888
14	88	110.804080963
14	87	111.335039139
14	86	110.463619232
14	85	108.886957169
14	84	108.510017395
14	83	111.857891083
14	82	110.941886902
14	81	110.463619232
14	80	108.951807022
14	79	108.68024826
14	78	110.994577408
14	77	110.872983932
14	76	109.648942947
14	75	108.461380005
14	74	110.329866409
14	73	110.686540604
14	72	108.732938766
14	71	108.22224617
14	70	108.850479126
14	69	111.468791962
14	68	111.229658127
14	67	109.920501709
14	66	108.801841736
14	65	109.174728394
15	124	109.920501709
15	123	110.925674438
15	122	108.307361603
15	121	108.63161087
15	120	109.888076782
15	119	111.027002335
15	118	109.632730484
15	117	108.882904053
15	116	108.441114426
15	115	111.298561096
15	114	109.600305557
15	113	109.105825424
15	112	108.408689499
15	111	109.616518021
15	110	109.478712082
15	109	111.213445663
15	108	109.154462814
15	107	108.169555664
15	106	108.611345291
15	105	110.329866409
15	104	109.430074692
15	103	108.627557755
15	102	108.716726303
15	101	109.515190125
15	100	109.612464905
15	99	110.7878685
15	98	110.346078873
15	97	108.291149139
15	96	110.735177994
15	95	110.974311829
15	94	109.27605629
15	93	109.190940857
15	92	108.781576157
15	91	110.123157501
15	90	110.516309738
15	89	108.238458633
15	88	108.647823334
15	87	108.137130737
15	86	110.244750977
15	85	109.616518021
15	84	108.169555664
15	83	108.595132828
15	82	109.904289246
15	81	111.31477356
15	80	110.021829605
15	79	108.627557755
15	78	109.259843826
15	77	111.027002335
15	76	110.346078873
15	75	110.058307648
15	74	108.769416809
15	73	108.866691589
15	72	109.952926636
15	71	109.73405838
15	70	110.516309738
15	69	108.785629272
15	68	107.946634293
15	67	110.994577408
15	66	110.994577408
15	65	110.994577408
16	124	112.198352814
16	123	109.835386276
16	122	108.542442322
16	121	109.15851593
16	120	108.477592468
16	119	111.233711243
16	118	110.025882721
16	117	109.717845917
16	116	108.052015305
16	115	110.585212708
16	114	110.755443573
16	113	110.860824585
16	112	109.069347382
16	111	109.057188034
16	110	109.632730484
16	109	110.058307648
16	108	110.447406769
16	107	109.648942947
16	106	109.27605629
16	105	110.889196396
16	104	110.637903214
16	103	108.781576157
16	102	108.903169632
16	101	109.85159874
16	100	111.590385437
16	99	110.074520111
16	98	109.243631363
16	97	108.74915123
16	96	109.547615051
16	95	110.277175903
16	94	111.947059631
16	93	108.424901962
16	92	109.223365784
16	91	110.958099365
16	90	110.791921616
16	89	110.654115677
16	88	108.728885651
16	87	109.170675278
16	86	108.461380005
16	85	110.074520111
16	84	110.73923111
16	83	108.647823334
16	82	109.036922455
16	81	109.770536423
16	80	111.468791962
16	79	110.925674438
16	78	109.328746796
16	77	109.004497528
16	76	109.466552734
16	75	109.952926636
16	74	109.681367874
16	73	109.531402588
16	72	109.648942947
16	71	109.952926636
16	70	110.159635544
16	69	109.190940857
16	68	109.770536423
16	67	110.228538513
16	66	110.808134079
16	65	110.601425171
17	124	108.408689499
17	123	108.323574066
17	122	109.563827515
17	121	110.637903214
17	120	109.446287155
17	119	109.243631363
17	118	109.498977661
17	117	110.366344452
17	116	109.105825424
17	115	108.765363693
17	114	108.376264572
17	113	108.696460724
17	112	109.924554825
17	111	109.669208527
17	110	108.238458633
17	109	108.611345291
17	108	109.612464905
17	107	109.738111496
17	106	109.20715332
17	105	109.020709991
17	104	107.780456543
17	103	111.489057541
17	102	109.616518021
17	101	108.153343201
17	100	108.732938766
17	99	108.781576157
17	98	110.978364944
17	97	110.362291336
17	96	108.461380005
17	95	108.287096024
17	94	109.717845917
17	93	110.431194305
17	92	109.211206436
17	91	108.201980591
17	90	109.239578247
17	89	109.600305557
17	88	111.043214798
17	87	111.075639725
17	86	108.886957169
17	85	108.850479126
17	84	110.175848007
17	83	109.73405838
17	82	108.801841736
17	81	107.679128647
17	80	108.424901962
17	79	110.637903214
17	78	110.30960083
17	77	109.223365784
17	76	109.20715332
17	75	108.461380005
17	74	108.376264572
17	73	109.750270844
17	72	107.983112335
17	71	108.732938766
17	70	111.095905304
17	69	109.68542099
17	68	111.027002335
17	67	109.154462814
17	66	109.122037888
17	65	110.585212708
18	124	110.872983932
18	123	109.243631363
18	122	109.27605629
18	121	108.100652695
18	120	109.750270844
18	119	111.330986023
18	118	108.287096024
18	117	108.765363693
18	116	110.751390457
18	115	111.249923706
18	114	111.298561096
18	113	108.33978653
18	112	109.223365784
18	111	110.860824585
18	110	109.563827515
18	109	109.766483307
18	108	103.816509247
18	107	108.732938766
18	106	110.451459885
18	105	111.010789871
18	104	109.174728394
18	103	109.292268753
18	102	109.239578247
18	101	110.990524292
18	100	110.755443573
18	99	109.616518021
18	98	108.866691589
18	97	111.043214798
18	96	109.871864319
18	95	110.925674438
18	94	108.238458633
18	93	108.765363693
18	92	110.909461975
18	91	109.616518021
18	90	110.536575317
18	89	108.120918274
18	88	109.223365784
18	87	109.190940857
18	86	110.909461975
18	85	110.941886902
18	84	109.786748886
18	83	108.201980591
18	82	109.701633453
18	81	110.042095184
18	80	108.74915123
18	79	108.882904053
18	78	108.74915123
18	77	109.498977661
18	76	109.515190125
18	75	108.157396317
18	74	106.742858887
18	73	109.020709991
18	72	110.808134079
18	71	109.596252441
18	70	108.765363693
18	69	108.765363693
18	68	109.20715332
18	67	110.025882721
18	66	110.536575317
18	65	109.397649765
19	124	108.781576157
19	123	110.500097275
19	122	109.904289246
19	121	109.020709991
19	120	108.068227768
19	119	108.732938766
19	118	111.383676529
19	117	111.043214798
19	116	108.834266663
19	115	108.866691589
19	114	109.20715332
19	113	110.990524292
19	112	111.010789871
19	111	108.74915123
19	110	108.355998993
19	109	110.447406769
19	108	111.655235291
19	107	110.483884811
19	106	109.616518021
19	105	109.68542099
19	104	110.941886902
19	103	111.436367035
19	102	109.547615051
19	101	108.765363693
19	100	108.412742615
19	99	111.229658127
19	98	111.347198486
19	97	108.303308487
19	96	109.993457794
19	95	109.211206436
19	94	109.648942947
19	93	111.72413826
19	92	108.22224617
19	91	108.769416809
19	90	109.308481216
19	89	111.452579498
19	88	108.765363693
19	87	108.716726303
19	86	109.27605629
19	85	108.424901962
19	84	110.974311829
19	83	111.468791962
19	82	109.328746796
19	81	108.79778862
19	80	111.383676529
19	79	110.398769379
19	78	111.31477356
19	77	108.238458633
19	76	108.372211456
19	75	110.500097275
19	74	110.840559006
19	73	111.302614212
19	72	108.088493347
19	71	108.137130737
19	70	110.824346542
19	69	109.920501709
19	68	109.308481216
19	67	108.696460724
19	66	108.886957169
19	65	110.09478569
20	124	108.323574066
20	123	109.105825424
20	122	108.866691589
20	121	110.702753067
20	120	111.266136169
20	119	108.951807022
20	118	109.020709991
20	117	112.623929977
20	116	111.878156662
20	115	109.819173813
20	114	109.292268753
20	113	108.716726303
20	112	111.181020737
20	111	111.347198486
20	110	109.551668167
20	109	109.68542099
20	108	111.351251602
20	107	109.989404678
20	106	111.367464066
20	105	108.307361603
20	104	108.664035797
20	103	110.042095184
20	102	109.973192215
20	101	110.14342308
20	100	108.355998993
20	99	108.647823334
20	98	110.005617142
20	97	109.908342361
20	96	108.814001083
20	95	108.445167542
20	94	108.189821243
20	93	109.547615051
20	92	111.740350723
20	91	109.665155411
20	90	108.68024826
20	89	109.632730484
20	88	110.905408859
20	87	111.639022827
20	86	108.274936676
20	85	108.801841736
20	84	108.477592468
20	83	111.505270004
20	82	111.249923706
20	81	109.665155411
20	80	108.562707901
20	79	108.79778862
20	78	111.059427261
20	77	110.856771469
20	76	109.126091003
20	75	108.27088356
20	74	110.414981842
20	73	110.73923111
20	72	110.735177994
20	71	109.2274189
20	70	109.138250351
20	69	111.335039139
20	68	111.266136169
20	67	108.291149139
20	66	108.546495438
20	65	109.717845917
21	124	111.266136169
21	123	109.142303467
21	122	109.381437302
21	121	108.562707901
21	120	111.213445663
21	119	110.856771469
21	118	108.850479126
21	117	109.2274189
21	116	108.627557755
21	115	109.498977661
21	114	111.282348633
21	113	108.785629272
21	112	108.716726303
21	111	108.801841736
21	110	111.229658127
21	109	110.463619232
21	108	109.239578247
21	107	108.818054199
21	106	108.988285065
21	105	110.479831696
21	104	109.969139099
21	103	108.732938766
21	102	108.988285065
21	101	109.717845917
21	100	109.819173813
21	99	110.042095184
21	98	108.984231949
21	97	109.498977661
21	96	110.62169075
21	95	110.856771469
21	94	110.994577408
21	93	109.154462814
21	92	109.936714172
21	91	111.330986023
21	90	109.580039978
21	89	108.291149139
21	88	108.291149139
21	87	108.79778862
21	86	110.244750977
21	85	110.431194305
21	84	109.27605629
21	83	109.15851593
21	82	110.483884811
21	81	110.925674438
21	80	111.095905304
21	79	108.818054199
21	78	108.355998993
21	77	109.292268753
21	76	111.298561096
21	75	111.793041229
21	74	108.595132828
21	73	109.105825424
21	72	110.159635544
21	71	111.095905304
21	70	109.750270844
21	69	109.770536423
21	68	108.664035797
21	67	111.181020737
21	66	111.14859581
21	65	109.701633453
22	124	109.190940857
22	123	111.31477356
22	122	110.483884811
22	121	109.361171722
22	120	108.493804932
22	119	109.20715332
22	118	111.233711243
22	117	110.73923111
22	116	109.243631363
22	115	108.578920364
22	114	111.351251602
22	113	109.717845917
22	112	110.26096344
22	111	108.664035797
22	110	108.17360878
22	109	111.213445663
22	108	111.249923706
22	107	108.291149139
22	106	109.174728394
22	105	108.696460724
22	104	109.632730484
22	103	110.467672348
22	102	108.627557755
22	101	108.546495438
22	100	109.211206436
22	99	109.584093094
22	98	111.027002335
22	97	108.716726303
22	96	109.2274189
22	95	110.366344452
22	94	110.009670258
22	93	111.367464066
22	92	108.850479126
22	91	109.122037888
22	90	109.681367874
22	89	110.038042068
22	88	110.179901123
22	87	108.611345291
22	86	108.254671097
22	85	109.652996063
22	84	110.755443573
22	83	111.330986023
22	82	108.732938766
22	81	109.68542099
22	80	109.596252441
22	79	111.31477356
22	78	110.7878685
22	77	109.580039978
22	76	108.850479126
22	75	111.262083054
22	74	109.580039978
22	73	108.801841736
22	72	108.850479126
22	71	109.616518021
22	70	109.839439392
22	69	109.515190125
22	68	108.899116516
22	67	108.801841736
22	66	109.750270844
22	65	110.856771469
23	124	110.617637634
23	123	109.073400497
23	122	107.131958008
23	121	110.483884811
23	120	109.68542099
23	119	108.664035797
23	118	111.387729645
23	117	110.228538513
23	116	110.005617142
23	115	108.716726303
23	114	108.765363693
23	113	108.814001083
23	112	109.652996063
23	111	111.112117767
23	110	110.755443573
23	109	109.547615051
23	108	108.595132828
23	107	109.904289246
23	106	110.159635544
23	105	109.956979752
23	104	109.036922455
23	103	108.850479126
23	102	110.074520111
23	101	111.347198486
23	100	109.142303467
23	99	108.870744705
23	98	110.909461975
23	97	110.824346542
23	96	111.213445663
23	95	109.020709991
23	94	108.17360878
23	93	108.899116516
23	92	109.973192215
23	91	111.553907394
23	90	108.712673187
23	89	110.958099365
23	88	109.786748886
23	87	109.940767288
23	86	108.189821243
23	85	108.343839645
23	84	108.189821243
23	83	110.025882721
23	82	108.562707901
23	81	108.408689499
23	80	108.595132828
23	79	108.291149139
23	78	110.516309738
23	77	111.687660217
23	76	108.291149139
23	75	108.27088356
23	74	109.085559845
23	73	110.958099365
23	72	109.888076782
23	71	108.664035797
23	70	110.73923111
23	69	110.090732574
23	68	110.005617142
23	67	109.888076782
23	66	108.461380005
23	65	109.190940857
24	124	110.978364944
24	123	109.361171722
24	122	108.052015305
24	121	108.445167542
24	120	111.249923706
24	119	111.436367035
24	118	110.889196396
24	117	108.68024826
24	116	109.867811203
24	115	110.021829605
24	114	111.72413826
24	113	109.819173813
24	112	108.785629272
24	111	108.615398407
24	110	110.110998154
24	109	110.14342308
24	108	108.546495438
24	107	108.303308487
24	106	109.665155411
24	105	111.31477356
24	104	109.940767288
24	103	108.578920364
24	102	108.562707901
24	101	111.128330231
24	100	110.196113586
24	99	111.128330231
24	98	109.190940857
24	97	110.516309738
24	96	109.920501709
24	95	110.958099365
24	94	111.330986023
24	93	109.089612961
24	92	108.696460724
24	91	109.478712082
24	90	109.243631363
24	89	108.542442322
24	88	108.781576157
24	87	108.392477036
24	86	110.127210617
24	85	110.447406769
24	84	110.414981842
24	83	109.547615051
24	82	108.74915123
24	81	111.687660217
24	80	109.616518021
24	79	109.413862228
24	78	109.681367874
24	77	109.462499619
24	76	109.888076782
24	75	111.282348633
24	74	109.681367874
24	73	109.138250351
24	72	110.26096344
24	71	110.601425171
24	70	110.106945038
24	69	108.238458633
24	68	109.126091003
24	67	111.655235291
24	66	110.872983932
24	65	109.551668167
25	124	108.886957169
25	123	110.771656036
25	122	110.078573227
25	121	110.382556915
25	120	109.600305557
25	119	110.123157501
25	118	109.936714172
25	117	110.872983932
25	116	109.105825424
25	115	109.053134918
25	114	110.447406769
25	113	111.351251602
25	112	109.908342361
25	111	109.397649765
25	110	110.009670258
25	109	111.31477356
25	108	111.825466156
25	107	110.025882721
25	106	108.696460724
25	105	109.142303467
25	104	111.282348633
25	103	110.893249512
25	102	109.308481216
25	101	108.882904053
25	100	109.27605629
25	99	109.547615051
25	98	111.740350723
25	97	108.886957169
25	96	109.085559845
25	95	106.23216629
25	94	110.192060471
25	93	110.889196396
25	92	109.27605629
25	91	109.426021576
25	90	109.057188034
25	89	110.414981842
25	88	111.655235291
25	87	109.20715332
25	86	108.254671097
25	85	109.462499619
25	84	111.655235291
25	83	110.074520111
25	82	108.68024826
25	81	109.174728394
25	80	108.408689499
25	79	109.936714172
25	78	109.989404678
25	77	108.696460724
25	76	109.616518021
25	75	109.993457794
25	74	111.351251602
25	73	111.756563187
25	72	108.562707901
25	71	108.74915123
25	70	110.038042068
25	69	110.7878685
25	68	109.600305557
25	67	109.174728394
25	66	109.989404678
25	65	111.387729645
26	124	109.600305557
26	123	109.138250351
26	122	109.32469368
26	121	110.414981842
26	120	110.110998154
26	119	109.563827515
26	118	109.494924545
26	117	109.632730484
26	116	110.856771469
26	115	110.366344452
26	114	108.74915123
26	113	110.856771469
26	112	109.770536423
26	111	109.563827515
26	110	110.058307648
26	109	108.664035797
26	108	108.120918274
26	107	111.399888992
26	106	111.703872681
26	105	109.993457794
26	104	108.664035797
26	103	109.973192215
26	102	109.580039978
26	101	109.750270844
26	100	108.732938766
26	99	108.238458633
26	98	108.765363693
26	97	110.074520111
26	96	111.351251602
26	95	109.27605629
26	94	108.765363693
26	93	108.850479126
26	92	109.766483307
26	91	110.277175903
26	90	108.785629272
26	89	108.769416809
26	88	109.243631363
26	87	110.771656036
26	86	109.632730484
26	85	109.053134918
26	84	108.258724213
26	83	110.925674438
26	82	111.537694931
26	81	109.904289246
26	80	108.68024826
26	79	108.919382095
26	78	109.835386276
26	77	109.835386276
26	76	110.21232605
26	75	108.546495438
26	74	108.611345291
26	73	109.632730484
26	72	109.665155411
26	71	109.223365784
26	70	108.189821243
26	69	109.105825424
26	68	110.569000244
26	67	110.905408859
26	66	108.955860138
26	65	108.74915123
27	124	111.010789871
27	123	110.62169075
27	122	110.042095184
27	121	108.615398407
27	120	108.74915123
27	119	109.73405838
27	118	110.978364944
27	117	108.866691589
27	116	108.599185944
27	115	109.361171722
27	114	107.950687408
27	113	110.398769379
27	112	109.223365784
27	111	108.27088356
27	110	108.424901962
27	109	109.770536423
27	108	109.750270844
27	107	108.882904053
27	106	108.903169632
27	105	109.68542099
27	104	111.059427261
27	103	110.872983932
27	102	110.500097275
27	101	109.989404678
27	100	110.414981842
27	99	109.867811203
27	98	109.15851593
27	97	108.850479126
27	96	105.263471603
27	95	109.68542099
27	94	109.73405838
27	93	108.732938766
27	92	108.68024826
27	91	108.355998993
27	90	111.059427261
27	89	109.563827515
27	88	108.323574066
27	87	108.74915123
27	86	108.712673187
27	85	109.547615051
27	84	110.516309738
27	83	109.126091003
27	82	108.291149139
27	81	108.343839645
27	80	109.239578247
27	79	108.003377914
27	78	95.1509475708
27	77	108.834266663
27	76	110.569000244
27	75	109.020709991
27	74	110.958099365
27	73	108.376264572
27	72	109.973192215
27	71	109.27605629
27	70	110.435247421
27	69	110.686540604
27	68	108.866691589
27	67	110.431194305
27	66	110.127210617
27	65	109.393596649
28	124	108.238458633
28	123	109.089612961
28	122	110.297441483
28	121	109.239578247
28	120	110.67032814
28	119	108.238458633
28	118	108.392477036
28	117	109.27605629
28	116	110.329866409
28	115	110.208272934
28	114	108.785629272
28	113	108.461380005
28	112	109.20715332
28	111	110.110998154
28	110	109.936714172
28	109	108.088493347
28	108	108.70051384
28	107	110.021829605
28	106	110.451459885
28	105	108.935594559
28	104	108.238458633
28	103	109.584093094
28	102	109.154462814
28	101	109.259843826
28	100	109.616518021
28	99	108.33978653
28	98	108.834266663
28	97	109.223365784
28	96	110.362291336
28	95	108.355998993
28	94	109.15851593
28	93	108.886957169
28	92	110.585212708
28	91	112.713098526
28	90	107.833147049
28	89	109.122037888
28	88	109.430074692
28	87	109.580039978
28	86	110.483884811
28	85	107.930421829
28	84	109.462499619
28	83	109.15851593
28	82	109.105825424
28	81	110.467672348
28	80	109.973192215
28	79	108.307361603
28	78	109.426021576
28	77	109.665155411
28	76	109.243631363
28	75	108.935594559
28	74	108.74915123
28	73	110.058307648
28	72	110.058307648
28	71	108.903169632
28	70	108.27088356
28	69	110.090732574
28	68	110.548734665
28	67	109.819173813
28	66	108.732938766
28	65	108.765363693
29	124	110.394716263
29	123	109.344959259
29	122	108.424901962
29	121	108.457326889
29	120	110.042095184
29	119	109.20715332
29	118	109.531402588
29	117	109.904289246
29	116	108.372211456
29	115	108.74915123
29	114	110.67032814
29	113	109.669208527
29	112	107.983112335
29	111	108.360052109
29	110	109.259843826
29	109	110.877037048
29	108	110.637903214
29	107	108.307361603
29	106	108.343839645
29	105	108.254671097
29	104	110.617637634
29	103	110.467672348
29	102	108.291149139
29	101	107.881784439
29	100	110.09478569
29	99	109.701633453
29	98	110.532522202
29	97	109.20715332
29	96	108.514070511
29	95	109.308481216
29	94	109.701633453
29	93	109.750270844
29	92	108.68024826
29	91	109.223365784
29	90	109.32469368
29	89	110.893249512
29	88	110.941886902
29	87	108.74915123
29	86	108.830213547
29	85	110.67032814
29	84	109.547615051
29	83	108.74915123
29	82	109.819173813
29	81	109.596252441
29	80	110.925674438
29	79	109.701633453
29	78	109.25579071
29	77	109.174728394
29	76	107.7439785
29	75	109.73405838
29	74	110.958099365
29	73	110.552787781
29	72	109.632730484
29	71	108.323574066
29	70	110.654115677
29	69	110.16368866
29	68	108.818054199
29	67	108.372211456
29	66	108.562707901
29	65	110.208272934
30	124	110.585212708
30	123	108.22224617
30	122	108.392477036
30	121	110.479831696
30	120	110.7878685
30	119	109.494924545
30	118	110.483884811
30	117	110.500097275
30	116	110.058307648
30	115	109.600305557
30	114	108.052015305
30	113	108.254671097
30	112	109.27605629
30	111	110.123157501
30	110	109.648942947
30	109	109.174728394
30	108	108.189821243
30	107	109.600305557
30	106	111.367464066
30	105	110.994577408
30	104	107.322454453
30	103	108.765363693
30	102	109.600305557
30	101	109.738111496
30	100	110.038042068
30	99	109.27605629
30	98	110.569000244
30	97	109.697580338
30	96	110.127210617
30	95	110.447406769
30	94	108.627557755
30	93	108.68024826
30	92	111.1972332
30	91	110.686540604
30	90	108.781576157
30	89	109.15851593
30	88	108.647823334
30	87	109.632730484
30	86	110.994577408
30	85	108.424901962
30	84	108.765363693
30	83	109.616518021
30	82	109.669208527
30	81	109.770536423
30	80	109.292268753
30	79	109.397649765
30	78	110.14342308
30	77	109.888076782
30	76	108.854532242
30	75	109.15851593
30	74	108.084440231
30	73	110.297441483
30	72	109.409809113
30	71	109.2274189
30	70	108.74915123
30	69	109.292268753
30	68	111.383676529
30	67	111.387729645
30	66	108.22224617
30	65	109.174728394
31	124	111.128330231
31	123	110.483884811
31	122	108.291149139
31	121	108.866691589
31	120	108.63161087
31	119	110.654115677
31	118	111.128330231
31	117	109.563827515
31	116	108.732938766
31	115	108.493804932
31	114	109.973192215
31	113	109.924554825
31	112	110.872983932
31	111	109.239578247
31	110	109.580039978
31	109	110.021829605
31	108	111.351251602
31	107	109.004497528
31	106	109.648942947
31	105	110.804080963
31	104	111.298561096
31	103	110.941886902
31	102	109.004497528
31	101	109.142303467
31	100	110.735177994
31	99	111.144542694
31	98	110.893249512
31	97	108.424901962
31	96	109.085559845
31	95	110.905408859
31	94	111.229658127
31	93	109.531402588
31	92	108.137130737
31	91	108.818054199
31	90	110.804080963
31	89	110.840559006
31	88	111.249923706
31	87	111.298561096
31	86	109.142303467
31	85	109.717845917
31	84	109.515190125
31	83	109.089612961
31	82	108.664035797
31	81	110.548734665
31	80	110.090732574
31	79	111.1972332
31	78	109.057188034
31	77	109.190940857
31	76	108.291149139
31	75	110.7878685
31	74	110.775709152
31	73	108.595132828
31	72	109.616518021
31	71	111.24587059
31	70	109.527349472
31	69	109.478712082
31	68	108.17360878
31	67	108.696460724
31	66	108.392477036
31	65	109.738111496
32	124	106.30106926
32	123	109.584093094
32	122	109.004497528
32	121	111.193180084
32	120	110.362291336
32	119	108.514070511
32	118	109.122037888
32	117	108.595132828
32	116	110.414981842
32	115	110.329866409
32	114	108.781576157
32	113	109.089612961
32	112	109.004497528
32	111	110.706806183
32	110	110.451459885
32	109	108.866691589
32	108	108.303308487
32	107	110.824346542
32	106	109.446287155
32	105	110.536575317
32	104	108.79778862
32	103	108.343839645
32	102	109.616518021
32	101	111.181020737
32	100	108.664035797
32	99	107.391357422
32	98	108.360052109
32	97	110.021829605
32	96	110.909461975
32	95	108.951807022
32	94	109.648942947
32	93	108.558654785
32	92	109.665155411
32	91	110.329866409
32	90	108.615398407
32	89	108.307361603
32	88	110.755443573
32	87	109.721899033
32	86	110.824346542
32	85	108.611345291
32	84	108.74915123
32	83	110.313653946
32	82	110.281229019
32	81	110.808134079
32	80	108.153343201
32	79	109.717845917
32	78	109.924554825
32	77	110.058307648
32	76	109.122037888
32	75	109.20715332
32	74	108.137130737
32	73	110.877037048
32	72	111.282348633
32	71	109.527349472
32	70	109.85159874
32	69	110.329866409
32	68	109.68542099
32	67	109.904289246
32	66	108.647823334
32	65	108.578920364
33	124	109.174728394
33	123	109.956979752
33	122	109.397649765
33	121	108.664035797
33	120	108.74915123
33	119	111.229658127
33	118	110.398769379
33	117	108.595132828
33	116	108.562707901
33	115	108.578920364
33	114	110.804080963
33	113	110.090732574
33	112	109.596252441
33	111	108.696460724
33	110	110.974311829
33	109	109.531402588
33	108	109.681367874
33	107	108.716726303
33	106	108.611345291
33	105	108.153343201
33	104	109.648942947
33	103	111.075639725
33	102	109.105825424
33	101	109.142303467
33	100	110.755443573
33	99	111.1972332
33	98	111.229658127
33	97	109.669208527
33	96	109.584093094
33	95	111.282348633
33	94	110.771656036
33	93	110.702753067
33	92	109.122037888
33	91	108.716726303
33	90	111.399888992
33	89	109.681367874
33	88	108.647823334
33	87	108.716726303
33	86	108.647823334
33	85	109.632730484
33	84	110.435247421
33	83	109.823226929
33	82	108.988285065
33	81	108.258724213
33	80	110.7878685
33	79	109.56788063
33	78	109.462499619
33	77	108.015537262
33	76	109.56788063
33	75	110.005617142
33	74	110.840559006
33	73	108.615398407
33	72	109.073400497
33	71	109.478712082
33	70	110.366344452
33	69	109.32469368
33	68	108.834266663
33	67	108.254671097
33	66	110.856771469
33	65	110.893249512
34	124	108.035802841
34	123	109.040975571
34	122	110.840559006
34	121	109.85159874
34	120	109.936714172
34	119	108.765363693
34	118	108.984231949
34	117	109.105825424
34	116	110.244750977
34	115	109.701633453
34	114	109.462499619
34	113	109.2274189
34	112	110.005617142
34	111	110.009670258
34	110	110.362291336
34	109	109.053134918
34	108	109.738111496
34	107	111.282348633
34	106	111.6065979
34	105	111.229658127
34	104	109.616518021
34	103	109.259843826
34	102	110.7878685
34	101	111.740350723
34	100	108.769416809
34	99	108.291149139
34	98	108.22224617
34	97	110.090732574
34	96	111.1972332
34	95	108.664035797
34	94	109.527349472
34	93	108.22224617
34	92	109.989404678
34	91	110.042095184
34	90	108.254671097
34	89	109.15851593
34	88	107.423782349
34	87	110.005617142
34	86	111.31477356
34	85	107.966899872
34	84	109.888076782
34	83	111.213445663
34	82	110.467672348
34	81	110.702753067
34	80	108.615398407
34	79	108.935594559
34	78	109.701633453
34	77	110.382556915
34	76	109.069347382
34	75	108.611345291
34	74	110.313653946
34	73	111.233711243
34	72	111.14859581
34	71	108.343839645
34	70	108.254671097
34	69	109.292268753
34	68	111.132383347
34	67	110.228538513
34	66	109.430074692
34	65	108.647823334
35	124	111.330986023
35	123	111.249923706
35	122	108.850479126
35	121	108.63161087
35	120	110.889196396
35	119	110.313653946
35	118	109.956979752
35	117	108.854532242
35	116	109.020709991
35	115	109.770536423
35	114	111.282348633
35	113	111.217498779
35	112	108.445167542
35	111	108.137130737
35	110	110.074520111
35	109	109.940767288
35	108	109.547615051
35	107	108.599185944
35	106	109.989404678
35	105	109.105825424
35	104	109.498977661
35	103	109.750270844
35	102	108.153343201
35	101	109.20715332
35	100	110.686540604
35	99	109.482765198
35	98	109.973192215
35	97	109.308481216
35	96	108.765363693
35	95	112.555027008
35	94	110.925674438
35	93	109.648942947
35	92	108.104705811
35	91	109.259843826
35	90	109.888076782
35	89	109.68542099
35	88	109.073400497
35	87	108.74915123
35	86	108.33978653
35	85	111.347198486
35	84	110.67032814
35	83	108.116865158
35	82	109.174728394
35	81	110.702753067
35	80	111.047267914
35	79	111.318826675
35	78	109.494924545
35	77	109.138250351
35	76	109.717845917
35	75	109.973192215
35	74	110.585212708
35	73	108.578920364
35	72	110.009670258
35	71	110.941886902
35	70	111.302614212
35	69	108.595132828
35	68	108.068227768
35	67	108.562707901
35	66	111.160755157
35	65	111.468791962
36	124	108.595132828
36	123	108.68024826
36	122	108.935594559
36	121	110.139369965
36	120	110.467672348
36	119	109.073400497
36	118	109.478712082
36	117	110.994577408
36	116	110.925674438
36	115	108.68024826
36	114	108.068227768
36	113	108.68024826
36	112	109.819173813
36	111	109.616518021
36	110	108.27088356
36	109	108.274936676
36	108	108.424901962
36	107	110.277175903
36	106	109.632730484
36	105	108.189821243
36	104	109.223365784
36	103	110.569000244
36	102	109.547615051
36	101	111.420154572
36	100	109.170675278
36	99	108.769416809
36	98	108.712673187
36	97	110.14342308
36	96	109.839439392
36	95	108.732938766
36	94	108.801841736
36	93	109.973192215
36	92	111.432313919
36	91	108.169555664
36	90	109.174728394
36	89	109.426021576
36	88	111.298561096
36	87	110.532522202
36	86	110.958099365
36	85	109.596252441
36	84	108.473539352
36	83	110.313653946
36	82	109.989404678
36	81	108.765363693
36	80	109.584093094
36	79	109.665155411
36	78	109.802961349
36	77	109.600305557
36	76	109.053134918
36	75	108.866691589
36	74	110.552787781
36	73	109.956979752
36	72	110.840559006
36	71	108.323574066
36	70	108.27088356
36	69	109.68542099
36	68	110.83650589
36	67	108.595132828
36	66	108.201980591
36	65	108.510017395
37	124	109.190940857
37	123	111.144542694
37	122	108.781576157
37	121	108.830213547
37	120	110.856771469
37	119	110.025882721
37	118	111.217498779
37	117	108.578920364
37	116	108.74915123
37	115	109.616518021
37	114	110.637903214
37	113	110.73923111
37	112	109.057188034
37	111	110.536575317
37	110	111.335039139
37	109	109.511137009
37	108	109.190940857
37	107	108.33978653
37	106	109.73405838
37	105	110.090732574
37	104	109.681367874
37	103	109.020709991
37	102	108.801841736
37	101	109.190940857
37	100	110.771656036
37	99	110.398769379
37	98	108.834266663
37	97	109.25579071
37	96	109.154462814
37	95	110.16368866
37	94	109.73405838
37	93	108.732938766
37	92	108.611345291
37	91	109.138250351
37	90	110.110998154
37	89	108.153343201
37	88	108.323574066
37	87	108.157396317
37	86	110.941886902
37	85	109.973192215
37	84	108.27088356
37	83	109.089612961
37	82	109.717845917
37	81	110.414981842
37	80	109.652996063
37	79	110.451459885
37	78	108.323574066
37	77	109.462499619
37	76	110.159635544
37	75	110.090732574
37	74	109.632730484
37	73	109.069347382
37	72	108.22224617
37	71	110.654115677
37	70	110.520362854
37	69	108.120918274
37	68	108.287096024
37	67	110.7878685
37	66	110.483884811
37	65	108.258724213
38	124	109.190940857
38	123	110.808134079
38	122	110.909461975
38	121	111.010789871
38	120	108.63161087
38	119	108.712673187
38	118	109.223365784
38	117	109.701633453
38	116	109.482765198
38	115	108.647823334
38	114	108.510017395
38	113	110.516309738
38	112	111.164808273
38	111	110.175848007
38	110	108.376264572
38	109	108.988285065
38	108	109.596252441
38	107	109.478712082
38	106	110.414981842
38	105	108.728885651
38	104	109.25579071
38	103	110.548734665
38	102	111.351251602
38	101	109.936714172
38	100	108.919382095
38	99	108.254671097
38	98	110.941886902
38	97	110.7878685
38	96	108.781576157
38	95	108.22224617
38	94	109.308481216
38	93	109.665155411
38	92	111.318826675
38	91	108.355998993
38	90	108.850479126
38	89	108.712673187
38	88	110.467672348
38	87	110.516309738
38	86	108.189821243
38	85	109.20715332
38	84	110.889196396
38	83	109.855651855
38	82	109.750270844
38	81	109.600305557
38	80	108.627557755
38	79	110.978364944
38	78	109.754323959
38	77	109.361171722
38	76	109.600305557
38	75	109.377384186
38	74	110.771656036
38	73	109.547615051
38	72	108.834266663
38	71	108.153343201
38	70	110.14342308
38	69	109.482765198
38	68	111.351251602
38	67	108.019590378
38	66	109.105825424
38	65	109.27605629
39	124	109.717845917
39	123	111.335039139
39	122	107.626438141
39	121	111.006736755
39	120	110.633850098
39	119	110.414981842
39	118	108.445167542
39	117	109.292268753
39	116	108.595132828
39	115	112.761735916
39	114	110.21232605
39	113	109.652996063
39	112	108.765363693
39	111	108.169555664
39	110	109.632730484
39	109	109.717845917
39	108	108.526229858
39	107	108.327627182
39	106	108.578920364
39	105	110.856771469
39	104	109.665155411
39	103	108.696460724
39	102	110.058307648
39	101	110.414981842
39	100	110.804080963
39	99	110.025882721
39	98	108.696460724
39	97	109.393596649
39	96	110.451459885
39	95	110.532522202
39	94	110.889196396
39	93	108.153343201
39	92	109.10987854
39	91	109.361171722
39	90	111.399888992
39	89	109.956979752
39	88	108.79778862
39	87	109.243631363
39	86	110.516309738
39	85	110.686540604
39	84	109.819173813
39	83	108.116865158
39	82	108.882904053
39	81	110.925674438
39	80	111.266136169
39	79	108.732938766
39	78	109.105825424
39	77	111.24587059
39	76	111.468791962
39	75	111.193180084
39	74	108.765363693
39	73	109.648942947
39	72	108.850479126
39	71	110.074520111
39	70	109.616518021
39	69	108.647823334
39	68	108.274936676
39	67	110.281229019
39	66	111.6065979
39	65	110.483884811
40	124	108.972072601
40	123	109.754323959
40	122	109.969139099
40	121	111.756563187
40	120	109.085559845
40	119	109.190940857
40	118	110.042095184
40	117	109.612464905
40	116	110.074520111
40	115	108.562707901
40	114	110.516309738
40	113	109.697580338
40	112	111.622810364
40	111	109.681367874
40	110	108.866691589
40	109	109.142303467
40	108	111.095905304
40	107	110.856771469
40	106	111.047267914
40	105	108.22224617
40	104	108.38842392
40	103	111.14859581
40	102	109.665155411
40	101	109.430074692
40	100	109.669208527
40	99	108.903169632
40	98	110.889196396
40	97	109.701633453
40	96	109.296321869
40	95	109.515190125
40	94	108.818054199
40	93	111.027002335
40	92	111.31477356
40	91	109.243631363
40	90	108.79778862
40	89	110.905408859
40	88	109.515190125
40	87	108.712673187
40	86	108.664035797
40	85	108.818054199
40	84	109.973192215
40	83	111.420154572
40	82	109.871864319
40	81	110.536575317
40	80	110.058307648
40	79	111.298561096
40	78	111.452579498
40	77	109.68542099
40	76	108.696460724
40	75	110.021829605
40	74	110.856771469
40	73	110.074520111
40	72	108.781576157
40	71	109.004497528
40	70	109.835386276
40	69	110.637903214
40	68	110.941886902
40	67	109.27605629
40	66	108.461380005
40	65	109.855651855
41	124	109.665155411
41	123	108.74915123
41	122	108.372211456
41	121	109.073400497
41	120	111.416101456
41	119	109.259843826
41	118	108.716726303
41	117	109.142303467
41	116	110.516309738
41	115	109.498977661
41	114	109.855651855
41	113	109.344959259
41	112	108.696460724
41	111	108.510017395
41	110	111.160755157
41	109	110.921621323
41	108	108.546495438
41	107	108.408689499
41	106	110.329866409
41	105	111.266136169
41	104	109.312534332
41	103	109.138250351
41	102	109.344959259
41	101	110.824346542
41	100	111.399888992
41	99	110.771656036
41	98	108.814001083
41	97	110.994577408
41	96	109.563827515
41	95	110.090732574
41	94	108.716726303
41	93	108.343839645
41	92	110.974311829
41	91	110.127210617
41	90	109.584093094
41	89	108.22224617
41	88	108.834266663
41	87	110.73923111
41	86	109.665155411
41	85	109.701633453
41	84	108.611345291
41	83	109.243631363
41	82	110.994577408
41	81	110.925674438
41	80	109.563827515
41	79	108.765363693
41	78	108.27088356
41	77	109.515190125
41	76	110.483884811
41	75	108.696460724
41	74	108.818054199
41	73	109.600305557
41	72	110.005617142
41	71	109.904289246
41	70	108.27088356
41	69	109.904289246
41	68	109.973192215
41	67	111.432313919
41	66	110.974311829
41	65	109.211206436
42	124	108.323574066
42	123	109.973192215
42	122	111.176967621
42	121	108.732938766
42	120	109.413862228
42	119	108.291149139
42	118	111.31477356
42	117	110.824346542
42	116	109.243631363
42	115	109.259843826
42	114	109.56788063
42	113	110.905408859
42	112	111.229658127
42	111	109.223365784
42	110	108.408689499
42	109	110.941886902
42	108	111.707925797
42	107	111.160755157
42	106	108.27088356
42	105	108.242511749
42	104	108.886957169
42	103	110.483884811
42	102	109.940767288
42	101	108.785629272
42	100	108.903169632
42	99	110.467672348
42	98	110.005617142
42	97	111.760616302
42	96	108.814001083
42	95	108.254671097
42	94	110.447406769
42	93	109.920501709
42	92	110.394716263
42	91	108.63161087
42	90	108.728885651
42	89	111.229658127
42	88	112.149715424
42	87	110.042095184
42	86	108.22224617
42	85	108.27088356
42	84	109.462499619
42	83	109.580039978
42	82	108.291149139
42	81	109.089612961
42	80	108.137130737
42	79	110.73923111
42	78	111.298561096
42	77	108.274936676
42	76	108.562707901
42	75	110.71896553
42	74	111.639022827
42	73	110.909461975
42	72	108.100652695
42	71	109.409809113
42	70	110.702753067
42	69	109.584093094
42	68	109.190940857
42	67	108.972072601
42	66	108.664035797
42	65	109.069347382
43	124	111.468791962
43	123	108.696460724
43	122	109.126091003
43	121	108.765363693
43	120	109.681367874
43	119	111.128330231
43	118	108.781576157
43	117	108.664035797
43	116	110.394716263
43	115	110.755443573
43	114	109.20715332
43	113	108.647823334
43	112	111.403942108
43	111	109.652996063
43	110	110.824346542
43	109	109.053134918
43	108	108.530282974
43	107	109.750270844
43	106	109.632730484
43	105	111.31477356
43	104	109.596252441
43	103	73.6451148987
43	102	110.467672348
43	101	111.351251602
43	100	111.160755157
43	99	109.085559845
43	98	108.79778862
43	97	110.463619232
43	96	110.431194305
43	95	110.500097275
43	94	108.562707901
43	93	108.781576157
43	92	109.596252441
43	91	109.754323959
43	90	109.531402588
43	89	108.712673187
43	88	109.259843826
43	87	110.467672348
43	86	109.616518021
43	85	109.612464905
43	84	108.834266663
43	83	108.765363693
43	82	110.994577408
43	81	111.266136169
43	80	108.664035797
43	79	108.63161087
43	78	108.307361603
43	77	111.756563187
43	76	111.874103546
43	75	108.732938766
43	74	108.238458633
43	73	109.681367874
43	72	110.313653946
43	71	110.601425171
43	70	108.79778862
43	69	108.664035797
43	68	110.394716263
43	67	109.462499619
43	66	109.616518021
43	65	109.361171722
44	124	109.089612961
44	123	111.128330231
44	122	110.500097275
44	121	108.935594559
44	120	108.185768127
44	119	110.872983932
44	118	110.994577408
44	117	109.73405838
44	116	109.223365784
44	115	109.27605629
44	114	110.074520111
44	113	111.282348633
44	112	111.351251602
44	111	108.696460724
44	110	110.909461975
44	109	111.047267914
44	108	111.282348633
44	107	109.616518021
44	106	109.328746796
44	105	108.68024826
44	104	110.585212708
44	103	110.771656036
44	102	110.382556915
44	101	108.903169632
44	100	110.856771469
44	99	109.871864319
44	98	110.175848007
44	97	108.287096024
44	96	106.25243187
44	95	110.447406769
44	94	111.335039139
44	93	110.994577408
44	92	109.036922455
44	91	110.127210617
44	90	110.856771469
44	89	109.648942947
44	88	107.81288147
44	87	108.781576157
